1259
0.1 0.1 0.0
0.10064144022390023 0.099575700751767 -1.1827366420333057E-4
0.10086791782798372 0.09995809018838875 -2.001418718122211E-4
0.1013186304820311 0.10057907705701995 -2.5910735578480636E-4
0.1016208579753623 0.10125986630389942 -2.3700089413911E-4
0.10205247117862967 0.10156134932980458 -3.611703363574963E-4
0.10215838261225225 0.10198694392838645 -2.3608820215918424E-4
0.10215841894341773 0.10219405995122098 -7.240756023384407E-5
0.1023967718598234 0.10149630277495623 -1.1404539377322644E-4
0.10234198474647836 0.10197645409680449 -9.92936953303649E-5
0.1023645267757456 0.10206230624224673 -2.0765643998433067E-5
0.10237066339495066 0.10208467083497123 -4.8913718415494314E-5
0.1022769775728726 0.10297192505784727 -1.7395618035179083E-4
0.10295310430621199 0.10360705665287179 -2.992765588446741E-4
0.10312703115674958 0.10302152604677148 -3.663274147152484E-4
0.10330242187808211 0.10361432611292584 -4.1830616878771125E-4
0.1038155591814057 0.10279434587558456 -3.6170612308090684E-4
0.10398590997750683 0.10244650514654904 -3.273767014412319E-4
0.10387755610565108 0.10321498699540758 -4.0416402837745673E-4
0.10403067703168913 0.10402234785503119 -3.338789227347887E-4
0.10454089083551699 0.104373770731604 -4.8724155163748305E-4
0.10469205650108306 0.1049096932224747 -5.242045060313024E-4
0.10492702503961741 0.10423592193653392 -4.3268454706284936E-4
0.10490645000686696 0.10512900280224682 -2.7326679078516715E-4
0.10519753944136524 0.10606679999385239 -3.2636332128416245E-4
0.10544807307243431 0.10676289019961316 -4.4123887249497855E-4
0.10572476779611473 0.10600641733720922 -3.432900855454476E-4
0.1058837212603878 0.10570176374890763 -1.945429693548709E-4
0.10644111277730275 0.10548056459015273 -3.6368002860235054E-4
0.10741217300084123 0.10527506973305402 -3.612248331211932E-4
0.10759510024254985 0.10496933656914124 -1.92151061737348E-4
0.1081179773620917 0.10442938667891978 -3.2485438988349893E-4
0.10825760829950434 0.10507812489529093 -4.670177336457845E-4
0.10842040771189816 0.10452876671321959 -6.319757608668254E-4
0.10897030028247415 0.10383386701343919 -7.278570575881246E-4
0.10904236141834361 0.10419254967284736 -6.478208553788916E-4
0.10972222299733699 0.10464578216157307 -6.338208787998987E-4
0.11035261864412507 0.10536902852447855 -6.508611948930977E-4
0.11057302638440035 0.10455015790708135 -5.134652516757841E-4
0.11095252891468105 0.10418905410578315 -3.494300533057223E-4
0.11133872102279896 0.10480133491337786 -1.8548519039095332E-4
0.11144903098655284 0.10566852738145416 -3.13591621556654E-4
0.11126161021824446 0.10663983099669458 -2.829095937110307E-4
0.11173112944429624 0.10752221438509403 -2.1305011199013738E-4
0.11235170996230785 0.10695710108731396 -5.407913589498698E-5
0.11290947669124815 0.10733981371936532 -6.841163818996868E-5
0.11350127100731879 0.10681416026936953 -1.247220990955908E-4
0.11366916253956963 0.10693525455204789 -7.569487656876843E-5
0.11403152828301226 0.1064355612527675 -5.376648596109081E-5
0.11424749676007306 0.10568364997114431 -1.437502941545546E-4
0.11430025268912669 0.10657694574529263 -2.0420777111874804E-4
0.11491232408541724 0.10646354689385557 -4.380232950124978E-5
0.1153808398635488 0.10704796593238787 3.6347783451070074E-5
0.11550824097451415 0.10713757161535258 5.393469322788096E-5
0.11572930716361224 0.10693254611066624 1.4955046247594358E-4
0.11582616827281174 0.1070363799472776 2.2431412296556788E-4
0.1159724155990249 0.1077787660476306 3.75139235997791E-4
0.11653720020314802 0.10706135104566085 3.0722956955781303E-4
0.11718042924634463 0.10633574225867497 4.622166599630301E-4
0.11751299205394512 0.10720346732752371 3.256514119068482E-4
0.11750471246763262 0.10733878863738512 1.822812681561984E-4
0.11760781510468779 0.10807092261144673 2.5447515195655714E-4
0.11768010780438166 0.10864752298525246 1.8361630344357308E-4
0.11763835420905891 0.10887848129101502 2.2559586924675128E-4
0.1178526356017075 0.1081772463127223 2.984071527004377E-4
0.11838870108067666 0.10779990768400967 2.643640248377864E-4
0.11879462823781627 0.10694369398917183 3.153524981340517E-4
0.1188749490274215 0.10791074055594335 3.7562152040689886E-4
0.11920905811023917 0.10757674122211083 5.018771004214425E-4
0.11934372051954015 0.1073978394337191 3.896452672464296E-4
0.11958220956025664 0.10799432806303207 2.4157357982755007E-4
0.12004298788386464 0.10856104618493762 1.4349376780231838E-4
0.11988592078835994 0.10933240730844933 -9.427249808562457E-6
0.11979026823869338 0.10991009242024959 -1.5301302318396386E-4
0.11967980411907157 0.11070672034473482 -1.2268041988015984E-4
0.11966828485056559 0.11166536722699634 -5.172368366273609E-5
0.12013431262351573 0.11251797859925138 1.109598412262564E-4
0.12011527798969064 0.11280168114141566 3.355469036526616E-6
0.12019816649440639 0.11335546692893933 6.339539679537976E-5
0.12041464347005063 0.11275495347612416 1.2707349371539093E-4
0.1204673798552993 0.11348486905650497 2.5709563421061105E-4
0.12085164160983829 0.11358410681851802 1.258100837486613E-4
0.12095202544125856 0.11413687314062954 2.8359066378789294E-4
0.12130498831567357 0.1133071688059952 3.260132079602208E-4
0.12152172527350576 0.1141787706833786 3.251691717292061E-4
0.1216401475431966 0.11461166843596038 1.92841209205835E-4
0.1220642637830514 0.11413585169311774 1.410745581301456E-4
0.12212813954904807 0.11428762686160332 1.3069264213054745E-4
0.12238709393271659 0.11382938194765843 1.7157427172451883E-4
0.1229951429336323 0.11367929781618667 4.9039013939595506E-5
0.12343601790953865 0.11428298789190393 1.1461448592010667E-4
0.12334914848288607 0.11483249162482236 1.328233512583371E-4
0.12345959073619713 0.11522837478695597 1.465231606197107E-4
0.12418204513217823 0.11472442195015128 -7.18948204412589E-6
0.1249388064728221 0.11534260326356349 1.2338718175894123E-4
0.12492464505169941 0.11573576371467681 2.757898229304733E-4
0.12507175645400453 0.11607502896833655 1.4928364333227244E-4
0.12530996883446632 0.1167921629260538 1.0850123117260883E-4
0.12540375447112384 0.11696665252310771 2.1048258214188787E-4
0.1260288505373351 0.11670360894577438 6.348767952811773E-5
0.12630022202330937 0.11753913308508718 1.0392663030571805E-4
0.12644359763489008 0.11694188363511732 2.034106893484717E-4
0.12662004174035268 0.11674527579313168 7.802097572553302E-5
0.1273759653494339 0.11666711828470391 1.311940102105429E-5
0.12773266074790865 0.11577819510940604 1.3798952576340448E-4
0.1284134837674831 0.11525043982891305 2.360994891934215E-6
0.12876754780622918 0.1144787850247097 -7.118879914098735E-5
0.12894441873400847 0.113611962292049 -8.401150302205231E-5
0.12936690978478896 0.11429881108988588 -2.2113560491271417E-4
0.12926005087563688 0.11510319395733044 -9.836919087034764E-5
0.12990414167843256 0.11443249328933264 -1.3296065739796875E-4
0.13076166560896277 0.11482469640828395 -4.564642943129658E-5
0.1313371803484729 0.11511758287563366 -1.714271931050186E-4
0.13185673221671215 0.11593232667337396 -2.692048662211912E-4
0.13206613779463167 0.11542222794763166 -2.7272233294717226E-4
0.13289855309712198 0.11592542668235317 -1.8679883092436426E-4
0.13306553365329707 0.11646408922310382 -3.061683244815248E-4
0.1338603049588418 0.11694687925959388 -3.4355608157492944E-4
0.13393206424400567 0.11735709083977436 -2.3085517080637243E-4
0.13462166613886428 0.11696486771131344 -2.9446983236622467E-4
0.13487617988823394 0.11668001040212912 -1.8195905898406512E-4
0.13534840127568218 0.11697433281226541 -2.289766737410743E-4
0.13551377546165191 0.11745506561932943 -2.4475305422779235E-4
0.13578644199332712 0.11812833087684946 -2.1079707763812665E-4
0.13621275214509151 0.11791377796257713 -1.958556193274887E-4
0.13672830531375246 0.11840150455896806 -5.6807188857661145E-5
0.13692432827011702 0.11767327446275197 -1.4869901305596055E-4
0.1369321374147119 0.11839321841313283 -1.1886073639250002E-4
0.13735072065250964 0.11887869349556901 -1.5427158063660676E-4
0.13772794143141004 0.11978648211618884 -2.681723263317152E-4
0.13821719260575144 0.1190461657962209 -4.1908387052324566E-4
0.1385145030067495 0.11811688990622288 -4.508722437824548E-4
0.13889206014946673 0.11807859272375416 -2.847449947172478E-4
0.13954786762245694 0.11741717992510807 -2.1809475190519225E-4
0.13991359656464397 0.11684933896394828 -3.909331406654834E-4
0.14047421064974788 0.11652560064603093 -3.432079743719776E-4
0.14120452857011248 0.1168877775645411 -2.2382596854089444E-4
0.14135038478663658 0.11664906847686872 -2.6865648686488986E-4
0.14194295949946076 0.11744764224870118 -2.417236595251445E-4
0.14200402943676774 0.11793439288106405 -1.5942543486099851E-4
0.1424980611306826 0.11870186537567014 -2.30814791646653E-4
0.14255790585790953 0.1185158881195252 -3.826306741988928E-4
0.14288644755427998 0.11898670874878717 -3.300322764457281E-4
0.1428535016477421 0.11986581564184062 -3.0019787776326906E-4
0.14277953751604852 0.12057555978136097 -2.3074382920032168E-4
0.14305836707118036 0.12086667720586451 -3.618541327981365E-4
0.14320279458634463 0.12023087509487757 -2.7659577682377314E-4
0.1438064502980667 0.1197003070072362 -1.2377213240742275E-4
0.14429227788093604 0.11927406338791922 -2.7590353616769366E-4
0.14485893542770198 0.12004611236888255 -4.427707268952361E-4
0.14539033332630155 0.11954227484744956 -5.580250037244834E-4
0.14589349019158987 0.11895015216184678 -4.669771322420687E-4
0.1467743640432668 0.11922828428624833 -3.864420543834075E-4
0.1470058837481011 0.11947107576909945 -4.226730400943016E-4
0.14765733602512487 0.11891685442852687 -3.624214172265117E-4
0.14760630745886272 0.1194307525804588 -4.5921690682791466E-4
0.14797579490636226 0.12002815174733619 -3.9409761185864827E-4
0.14819488963213076 0.11978753137629612 -3.453442104389111E-4
0.14822009834120672 0.12003898265511237 -3.593491387284387E-4
0.1484146769297 0.12061874778968099 -3.1933543124192814E-4
0.14850703257337752 0.12125788692457085 -1.6554343386388255E-4
0.14913257165166388 0.12100177665435231 -1.3861794952306118E-4
0.14928013003243598 0.1205928020944147 -7.817117177400266E-6
0.14981482075201172 0.12078085965726472 -1.7345156512781323E-4
0.15022272586609287 0.12061311561051294 -3.4244751665765856E-4
0.15091585691998077 0.11997851618436514 -2.90948931114723E-4
0.15129593941384264 0.11970443980481578 -1.9047747931407653E-4
0.15206261329846799 0.12030887746622468 -1.7645514244366082E-5
0.1525908729121583 0.11950066152661037 -3.3301650699813596E-5
0.1530280894593354 0.11930635496033049 -1.612687292147398E-5
0.1538217084878751 0.11990228092800295 2.388532477655138E-5
0.1539760199467928 0.11969367049814891 -9.175545108162219E-5
0.15398465743737844 0.12063901630358108 -3.329541233040568E-5
0.15457101700112372 0.11995691787492567 1.3353269119192033E-4
0.1549907212149029 0.11944172017471619 2.0168716360188945E-4
0.15496386379323013 0.11990842954095071 3.159419878366905E-4
0.1551413860376257 0.1190189312193291 3.003954938641214E-4
0.15540961392916053 0.11954348922697651 3.0504039561507127E-4
0.15603360171694425 0.11905356594341941 4.358584726144759E-4
0.1568474370493124 0.11939780040069238 6.079626320003835E-4
0.15749538621953088 0.11989756341570637 7.405219959635547E-4
0.157669002148137 0.11906682856866134 7.410142792774224E-4
0.15791613512882596 0.11977472413113437 7.631197417944138E-4
0.15855116126274238 0.1204523286791584 7.881464043570443E-4
0.15879456121289695 0.12031456014426585 8.762504188055785E-4
0.15893532473591926 0.119868575365639 9.368647700770096E-4
0.15917592772609337 0.1208061158895256 0.0011079223137258924
0.1593678553971397 0.12096534183632635 0.0012141115019994695
0.15948642009686406 0.12147768451141353 0.0013839834625554563
0.1602466297482086 0.12085424003157344 0.0014452309782279058
0.16066015751301646 0.12045488647571125 0.0014968832349920805
0.1608460669387056 0.11980929179857433 0.0016049596416142554
0.1610846055897131 0.12012828979402557 0.001600652947676008
0.16108101412778492 0.12055240029701696 0.0014321416980900342
0.1610843159292395 0.1214740731822112 0.0014425802996356038
0.161110633604472 0.12142112659211292 0.0015813725914504636
0.16157037869209617 0.12164341956612229 0.0015740450578246889
0.1618583263182935 0.1214933771328821 0.0016560882037275932
0.16198193466764663 0.12234668154344981 0.001500923765028432
0.16261454278723278 0.12169672018606698 0.001630868370738561
0.16271409748961455 0.12204779173376051 0.0016528272753031127
0.16317097208648743 0.12145323299354717 0.0016363138955488405
0.16339152094525747 0.12069059314044282 0.0016431952343611443
0.16415928344914069 0.12132704629176366 0.001627961915095072
0.16506251128742977 0.12094793940752935 0.001679427296538038
0.16564298167460795 0.12161889274119056 0.0017936012568867022
0.16579314939809828 0.1225572385992863 0.0017768265443087938
0.16599945716856554 0.12196931025211288 0.0019344276243634464
0.1665389591346672 0.12150268647262638 0.001760465004954416
0.16715593849427965 0.12221579240042992 0.0019134393119763695
0.16744299452344638 0.12133750568728145 0.0017829318543217457
0.16776901242010167 0.12194334082504692 0.0017118889498331142
0.16815402288464584 0.12258514877640551 0.0018208006590748848
0.16830702094314573 0.12336422427018796 0.0016635150479011292
0.16883346596829094 0.12265620384093665 0.001664473516763072
0.16890545761290818 0.12237917600637319 0.0017047046730932546
0.16930247758641997 0.12162181010980302 0.0017007045649566157
0.16944644631779437 0.1225193924239499 0.0017489129659711425
0.17013260528155874 0.1228333300161175 0.0017317824167777654
0.17046415906426943 0.12319986734824873 0.0015616961877510979
0.17075002816147572 0.12347902748270313 0.001387869129667335
0.17154845462690244 0.1240022672159712 0.001266870694717744
0.1717099658509949 0.12314826350986088 0.001176426425823064
0.17196815751507508 0.12387904431060398 0.0011174735344996862
0.17240230262875195 0.12366741851910588 0.0010366842453308869
0.17256573435699502 0.12450700947698101 9.002646371963122E-4
0.17254934493364912 0.12468919850991542 7.27094184208341E-4
0.17291004964622467 0.12395446519018331 7.490196224030906E-4
0.17298147128827868 0.12430341125243222 7.017394176084714E-4
0.17303351598603514 0.12459180282501306 8.121565974179661E-4
0.17369297375806547 0.12397260949428977 6.642051314389539E-4
0.1739237296385549 0.12415584828512502 7.622213758187006E-4
0.17456937887745536 0.1235781891885941 8.781331350614921E-4
0.17494458260772325 0.12406213827589233 8.489097064489217E-4
0.1749805992976182 0.12414675968986613 6.754628432984935E-4
0.17574185131053774 0.12452292528048418 6.306972007163659E-4
0.17590492541720862 0.12409585276855477 7.630429528645389E-4
0.17621708172566372 0.12479232865297737 6.266293273885661E-4
0.1770592156940981 0.12533095282546455 7.816680333012558E-4
0.17741046063766355 0.12493738762131516 7.406789351906876E-4
0.17749560683255755 0.12416304301154364 8.657199728671224E-4
0.1780236394993601 0.12351708035100385 8.887606277196829E-4
0.17889285711766398 0.12312306740205069 9.732395898771299E-4
0.17957184654631056 0.12257236384817467 0.001128906975838107
0.17986136426532567 0.12324074832371286 0.0012504267888772181
0.18044098417643745 0.12364194846691146 0.0011879599272079473
0.18068406278872823 0.1238917326106017 0.0010633666150580065
0.18116450168680162 0.12302354861180002 0.001093022659158128
0.1817891991575337 0.12359924748206376 9.351950998900743E-4
0.18252023014630814 0.1229852538751649 7.986181538497759E-4
0.18288784071110764 0.12337055216401802 8.39988786162225E-4
0.18361039661062964 0.12279348016629528 9.355314008583069E-4
0.1835724942345625 0.12372271801177971 8.14882324551327E-4
0.1837049574385823 0.12458109921310585 7.595122600215102E-4
0.18467710308398003 0.12479569242201802 9.10313469260653E-4
0.18471863472011585 0.12528941385791034 0.001081589247107904
0.18547482389225317 0.12578378164174292 0.001205927902201957
0.18616489632879163 0.1255304670035736 0.0011034217012531452
0.18632022166475526 0.1249747037459088 0.0012264062120505028
0.18661746713097924 0.12567070005859438 0.0013082245992665745
0.18688090423508286 0.12589434492005017 0.0011462914647867798
0.18703323680621423 0.12526094674615532 0.0012939215917460044
0.18740917158526 0.12557596977602636 0.0014413092627253974
0.18745169223914732 0.12505166416645624 0.0012993819867794245
0.1881596276644219 0.12468793257855158 0.001193594137788929
0.1883497624302315 0.12437398193749297 0.0011294016430622425
0.18837628116717425 0.12452310178494513 0.001080766522831337
0.18851448585390448 0.12436285344023168 0.0011546007548381035
0.18915353542691649 0.12396889684863166 0.0010099630365668244
0.1897943076682003 0.12338612528771936 9.44226741616491E-4
0.19014105232811546 0.12423566541867707 9.103598007273071E-4
0.19020718591778107 0.12440655111685109 0.001051020682882812
0.1910364216256144 0.12463128888298744 0.0010897038826768644
0.19147867126511312 0.12424019147815525 0.0010611201308768172
0.1917988193342295 0.12329382349888073 9.695579709865981E-4
0.19224593286319372 0.12284756714013824 9.617011142159339E-4
0.1928364064109831 0.12314871660675432 0.0010424187018609494
0.19293180641743332 0.1240370205586614 0.0011874537150856576
0.1930855325179365 0.12345162767342387 0.0012351497090881114
0.19346375321849923 0.12294421329942469 0.0012985054190583522
0.1937518539135655 0.12379833717931606 0.0013339768860756763
0.19407371972169016 0.1230469171411615 0.0012045899880909702
0.1942527429575674 0.12374300452954078 0.0012612150904863057
0.19448187746814327 0.12347431642233335 0.0012576606944558685
0.19471502971512133 0.12429077116919245 0.0011844966113736823
0.19488047714624135 0.12377434554562236 0.0013328434371158533
0.1954941647354396 0.12440394661679427 0.0012603626259777324
0.19568415669443712 0.12432043362719233 0.00117323252977632
0.19608447394869033 0.12448837726858587 0.0011866097784297253
0.19657861160840967 0.12470952291819534 0.0013526029950846515
0.19702090199676459 0.12383616180162292 0.0013703412911326924
0.1971675260056063 0.12394754431439448 0.0013934648367098092
0.19732820089133818 0.12396658800158042 0.0015268351919012569
0.1975998496897312 0.12340957032943516 0.0013845023474505498
0.19738380537135164 0.12428570365375813 0.0015084138136910355
0.19765714727082842 0.12465140453540578 0.0013861929455701119
0.1979920532767963 0.1254146097069095 0.001321559255381348
0.1980466347517769 0.12579961307956655 0.0012680358487812495
0.19833322236362327 0.12632307447075766 0.001333761507591734
0.19836171794924706 0.12632972202942003 0.0014796876733612916
0.19865685454414508 0.12587893873377784 0.0015183136459669974
0.19860352216662874 0.1267549668026955 0.0016109346291819778
0.19898045559773558 0.12755021378347337 0.0015896631153896675
0.19923274760326962 0.12660790031236768 0.0014220195448943409
0.19916476497043356 0.12723246795175533 0.0014719350510250422
0.19940696082545165 0.12695762406204106 0.001453774386126235
0.19998346867937858 0.12758836637345014 0.0013771242021593532
0.20012910829182048 0.12770333329093456 0.001550579999611706
0.20009831438647438 0.12792627027286715 0.0015787086724585414
0.20081903465211587 0.12861548204119544 0.0017165086700185069
0.20089106995487094 0.12868819015610033 0.0017955917275770661
0.20078602532519627 0.12914133365520078 0.0016479491634762624
0.20098564683104037 0.12888216483708773 0.0016138068322428284
0.20112422157500967 0.12918914895407438 0.0017178944553364055
0.20136582836269673 0.12833610213314214 0.0018709997142107781
0.2021352375670895 0.12806564953344624 0.0017474967452618339
0.20220482515195826 0.1288688763033279 0.0017539764244081215
0.20245388534869452 0.1280728277396786 0.0016271497113235435
0.20259987451488787 0.12816138990231568 0.001782762379788467
0.20267904104550097 0.12895219234208496 0.0019063965010981893
0.20293716663438588 0.12929907865959495 0.0019223934071845817
0.20300344198253284 0.1300599212666895 0.002068600158479981
0.20385928703004697 0.13010275349299527 0.002102914452339522
0.20422849365243292 0.1292922612682725 0.002134837951670159
0.20424295573292758 0.1295488758758104 0.002163875675922832
0.20504783837342302 0.12982523031911786 0.0020148201029070553
0.205380882336494 0.1291680902856009 0.0019773058620135486
0.20588707272721515 0.12849817189733329 0.0019046133964639611
0.20609034945765534 0.12865153208019364 0.0020328151898162086
0.2060376979508829 0.12897516483977514 0.0021539582425233058
0.20608938559276144 0.12913464547605283 0.002195942112332644
0.20604483688272693 0.12986588910023716 0.0023031715959053382
0.20632114962366024 0.12907919540449303 0.0023048398459146117
0.20703306786366768 0.1284660557054771 0.0022448505473538784
0.20710857101239996 0.1291403662115379 0.0021336124505567577
0.20704325517825264 0.12950084384457358 0.002296992704902159
0.20699986962030842 0.13032213121734962 0.0022550540223065982
0.20704218162092186 0.13035635294056402 0.002346166251024836
0.2073281236005519 0.12998419449407606 0.002363260503553719
0.20743494076182276 0.13083815740077348 0.0024192700143027975
0.20750984051909618 0.13058742155192235 0.0024864942681530914
0.207423109691857 0.13156195184013325 0.002476517753155075
0.20824920226799112 0.13203018213319598 0.0025206780378278087
0.20816548812705313 0.13254713957419276 0.002406704782594774
0.20816256534164704 0.13274348832459967 0.002508713096520383
0.20846770417786228 0.13295114132513097 0.0023702521978653606
0.20894149911784493 0.133480364084165 0.002370866432936568
0.20931496962601914 0.13299924064061394 0.002317402195761084
0.20987125440142734 0.13325764399426895 0.002416036336691693
0.21043107808288666 0.13274258985056953 0.0024414491499842005
0.2108506421906198 0.1321243133068847 0.002536307906936301
0.21168357214681247 0.13253529680442025 0.0026963816797017513
0.21218180516328702 0.13270069411703933 0.002630719691994877
0.2122078641995528 0.1326544084562684 0.0027392196355873633
0.2125692759494048 0.13192466746099235 0.00261705824603045
0.21271854264976753 0.13208297976360492 0.002472244210676697
0.21316839757585712 0.13292154652664306 0.0023157608488461367
0.21326958082596248 0.13289427239680415 0.0024442597260338444
0.2132107187496023 0.13326071921043336 0.0023338095468548696
0.21369536551402277 0.13374961354438133 0.0024215634556275264
0.2142648069587549 0.13400548778049626 0.002396777237054637
0.2145417190670573 0.13425897297481984 0.0023152582339290633
0.21461850092507878 0.13411176642843842 0.002232106230800821
0.2148771566422352 0.13362777652992217 0.0020646439730639303
0.2147867608380215 0.13411888214576687 0.0018983534164977
0.21487986833229153 0.13379541326566627 0.0018362211437415107
0.21509739505387762 0.133502665133877 0.0019125532963597772
0.21523228633777414 0.13431874096123914 0.0017947884876723093
0.21586591650011616 0.13493040445150156 0.001872444700578662
0.2160464256162855 0.1353607627291395 0.001973397658713415
0.21639212743316535 0.13627220799951098 0.0020380949297224395
0.2166937609184769 0.13667909840318912 0.002032537620033523
0.21662480024009384 0.137096418256339 0.0020083169353997377
0.2173564900869882 0.13733195843079848 0.0019938833659214005
0.21758231621987525 0.1378375487763274 0.0018790606733755685
0.21749207467910578 0.1384318816734895 0.0018052687811775528
0.21787614459795313 0.13888369395114686 0.0016515435471875497
0.21803301110643786 0.13845528116164396 0.0014876923299863211
0.21855831688389665 0.13916329691766077 0.0015074755564498932
0.21887640779335413 0.13992096166580356 0.0014949447148595934
0.219386384441916 0.14023189930693938 0.0014470612773423298
0.21950602969347027 0.13998851205729537 0.001404236405790395
0.2200443471389488 0.13991590626992523 0.0014423484422920116
0.22024955568400156 0.14013031806202966 0.0012780196041592292
0.22104601975777896 0.1406374047240795 0.001140660296092972
0.2211804960205479 0.14071114697620052 0.0010882576476566612
0.22155302763955445 0.14163849730965716 9.346638010543696E-4
0.22200457992628186 0.14216414378132236 0.0011068481044871786
0.22219238868541977 0.14135627202659487 0.001089716102581082
0.22232927743489123 0.1420896788477314 0.0011357097776187456
0.22278399971547666 0.14290848016393554 0.0011901430704413937
0.22277805826594033 0.14315320130081202 0.0013194212267283929
0.22330870091391067 0.14235390895139088 0.0012415894521596858
0.2233620705584917 0.14317820167628842 0.0012351171970854014
0.22362897542587495 0.14315945246825312 0.0011543361346698464
0.22388310886629215 0.14226544155144394 0.0010164124034229586
0.22422573624635467 0.14160712623474123 0.0010749505018686123
0.22467742701511917 0.14226101310537856 0.0011318908280774668
0.22515711572296424 0.1427977931275997 0.0011773419652454467
0.22528192531309404 0.14324403877274058 0.0013412874473717547
0.2255937648077679 0.1426329330889075 0.0012320515638135129
0.2260488946849297 0.14350621795415192 0.0013943226769802823
0.22644368945505466 0.1430029969530025 0.0014896087702100447
0.2265958460775634 0.1427702226139917 0.0013958763207973328
0.22668836842116474 0.14342268712691564 0.0012604021249314132
0.22679763897132174 0.14346033165602073 0.0013768588391501644
0.2271484748402244 0.14370122649680048 0.0015024969200755464
0.22766894537973936 0.1430973630610961 0.0015923823550095403
0.2285528079099131 0.14325839672518595 0.0014495289432140935
0.2286305241705919 0.14335854344263935 0.0015138951574276043
0.2290223895842613 0.14266468264424081 0.0016663333427704478
0.22916374670567066 0.14350856890303038 0.0016842353075739805
0.2294028970102504 0.14256992207179342 0.0016541987655228898
0.22946141107667312 0.14303229209122537 0.0017102859986263905
0.2296291007974085 0.14240708549827877 0.0017853293757668376
0.22978933913716662 0.1425516059015986 0.0016930726100732308
0.22992125282326073 0.14230068793345227 0.0015852125739487587
0.22994040560220108 0.14234850904160817 0.0015409061573159707
0.23000788182785514 0.14217903174210333 0.0017069296352961224
0.23059382837841463 0.1415485925111922 0.001826191461569012
0.23063116690243748 0.14193198614033273 0.0018950430875024939
0.2310302154328617 0.14151137887925672 0.0017262514417343028
0.23099465751166515 0.14205756650855775 0.0018065567138055428
0.23110232054920268 0.14180053513628108 0.001927252198473331
0.23103495367515461 0.14258943862530787 0.0019568365793325043
0.23143016828417462 0.1418885962484244 0.002007102136579431
0.23213002567536228 0.1423567174455501 0.002028860311167416
0.23232735184981618 0.14169854368029886 0.002098993042102401
0.23273069647009925 0.14193553851080273 0.002037549917374292
0.2335754063821247 0.14233476712376616 0.0021804211481604515
0.23395038242189053 0.1418933545407978 0.002069439374789982
0.2346644771138065 0.1415077763503449 0.002185119287779157
0.23482606050128205 0.14089944413137562 0.0021472045094296324
0.23494964639813362 0.14081045850445492 0.0021861452603793253
0.23576360794480256 0.14067812291498005 0.002107667494478379
0.2360653952476986 0.1415748093269361 0.0020362939994352383
0.23596567114491857 0.14245476232436738 0.002101677761342258
0.23685419242351452 0.14221620383925526 0.002226940527091206
0.23759881390132043 0.14280622463247578 0.0021135458177215273
0.23774095382494964 0.14255774955848052 0.001991911071357168
0.23797764822040854 0.14326341153841438 0.0021633176771220603
0.23854715465540471 0.14277068665912923 0.0021726872711712603
0.23872267922155657 0.1421639800352981 0.0020650499872008864
0.23910840205630252 0.14128156193120672 0.001938616953870704
0.2393939214590688 0.14113508708995662 0.002089582199564015
0.23972105240766464 0.14095983926121722 0.002130316747720775
0.24023595298093806 0.1401440549068982 0.0022906305845989744
0.24020887181353534 0.14099395145362906 0.0023155448606245253
0.24031606645408995 0.14078916356498733 0.002260281761506766
0.24055409594054392 0.14170962558578606 0.002424754115916776
0.24039844799332766 0.14265243938879976 0.002396254503952885
0.2404117143914787 0.1428442759660867 0.0023671034188305416
0.24118431162296533 0.14333752358797142 0.002444383570895309
0.2414704304522425 0.1428843385621134 0.002596454433681383
0.24159215691536706 0.1424065911151398 0.0024869357995235533
0.24202074695524675 0.143206553654377 0.0024776558893430537
0.24234505324384267 0.1436855152602656 0.002351924368069889
0.2425348971477483 0.14344701854302064 0.0024484581818062226
0.24297312238234584 0.14376757975052395 0.0025201040486039663
0.2434128005312488 0.1429423792912226 0.0025958592230992043
0.24358784774228093 0.14352848263115647 0.0027475650294287984
0.24378633060515217 0.14374297700280905 0.002642017957303081
0.2439367975446335 0.14367251493318142 0.002792314913508621
0.24435455865376804 0.14298398502907111 0.0028400771896680047
0.24447867807770662 0.1432478635703185 0.002725629903721719
0.24521259370799298 0.14257917206248127 0.002633816038729303
0.2461297152055442 0.14276760065373248 0.0026025590570615217
0.2462928677485276 0.14308424112139784 0.002484088915001988
0.2468800277408423 0.14369242982794098 0.0026403934591851673
0.24724976572778995 0.1428726256154749 0.002678372267758355
0.2473718993796448 0.1437237413800001 0.0026507177118278396
0.24769629502981383 0.14289610190527788 0.0028203335769638417
0.24783515641460604 0.14330493323153556 0.0026781279859709314
0.24816638617475553 0.14288039114170614 0.0026795799279688594
0.24852470117889572 0.1423147811203734 0.0026316056812720986
0.2491446896131271 0.14303393656562488 0.002553586963305603
0.24954588598895175 0.14374646742740102 0.0026494425580620828
0.24959777523848775 0.1435907205245374 0.002775957184110122
0.24987934266037062 0.14444931088772264 0.002861251096628193
0.2505721445705501 0.1439919132586317 0.0029539989248993865
0.25125180371256817 0.1433167247399696 0.003005674154250548
0.25215038940043494 0.14299316750620206 0.0031242971348430524
0.25247965835741154 0.14205790975279128 0.0030400541637077994
0.25277870312270595 0.1428513614079711 0.003091506957800133
0.25300590840099973 0.1420331673593058 0.0029486148476842344
0.25331289764221965 0.1415592429564318 0.0029153734448398904
0.25353390452662705 0.14229725239098007 0.0027455049577659717
0.2536402461389228 0.1420999837910821 0.002645399109414363
0.25446205965777186 0.14236331217206896 0.002686664183038098
0.2546711265656433 0.1417751490920746 0.002856630384754545
0.2545488655923463 0.1424187756415426 0.0030046862717466845
0.25504626985265827 0.14199233775495462 0.003050983753837215
0.25582697443193414 0.14229363468555273 0.0030029044929999055
0.2558541611565183 0.1430744355743752 0.0030672019618329595
0.2564822647746627 0.14274871876746928 0.0029203499804751286
0.2573081187557949 0.14238556908783642 0.0029270937291224017
0.25746732711013115 0.1418948975255634 0.0030263800571128704
0.2579378831547577 0.14264427950429154 0.0031452106667227645
0.2579619838926966 0.14293310577633778 0.0031683150989218903
0.2584558247963183 0.1433444754316127 0.0033005174675993228
0.25873937329071184 0.14323972620544248 0.0032548036845961655
0.25943108026039036 0.142691860361241 0.0032843293982084036
0.25926472832961234 0.14350934681041158 0.0033276799614782014
0.25936448255990424 0.1442820298243407 0.0033587848209091086
0.2596393891869856 0.14396541519029069 0.003208259302370444
0.2597675129400522 0.14426606978444964 0.0032644944289044594
0.26006755374700546 0.14355661554856175 0.0034098957805583485
0.2606798837392625 0.14424207282494964 0.0033474286673133118
0.26152075937894315 0.14440651130813487 0.0035188065769213035
0.26230444167906075 0.14383966748142887 0.0036910577450758623
0.2624999090323402 0.14421685546020874 0.003634505843745265
0.26318295970440714 0.14377126877833418 0.003616063260668634
0.26353673588376164 0.14327239573056855 0.0034642585159311095
0.2643935221799743 0.1427605160585651 0.003471462709462973
0.2648060963165577 0.14315174912083867 0.003351922209393518
0.2655142847033545 0.14251392651150485 0.0032832571000106434
0.2656809862641701 0.14319246740080296 0.0034209908673398853
0.26573590228532706 0.14301907285797127 0.0034288808269717307
0.26591180571523476 0.14359393681589058 0.0032910126404955852
0.26658719485770943 0.14329281229460747 0.003402811832336878
0.266674698502159 0.1429583256748167 0.003388647090817867
0.266705616384908 0.14394377949264142 0.003478435167815086
0.26701639494238655 0.14354160432015345 0.003387581196850319
0.2674093613363708 0.1439757906801764 0.0032193861262084077
0.2678243221482284 0.1447710383636704 0.0033904890606352004
0.2683117368949708 0.14561441864760882 0.003453174762957593
0.2688124867981635 0.1462867333556971 0.0036169256173218594
0.2688118171453556 0.1463779763005944 0.003518370178039199
0.2691737293071239 0.14719755741911233 0.00356953614954425
0.2700815954078305 0.1475406928899392 0.0036607702953213397
0.27000449487690364 0.14843070891643728 0.003688033350784657
0.2700789162982165 0.1486961329556848 0.003710230592335039
0.270398112197895 0.1479964456987727 0.0035574481195356895
0.2706297992071127 0.14776527936770747 0.00359132352588394
0.27083142076023126 0.146994460381737 0.0036390810741694073
0.27082578910628496 0.1474842022116576 0.003514756048368501
0.27149674188630984 0.14810763417083558 0.00366853149839051
0.27177174078893473 0.14751604967062007 0.0038286352865621043
0.27227919921772875 0.14707951397490937 0.0038607172934095654
0.27215974402131476 0.14807164816107266 0.00383850154359727
0.2721926418645836 0.14791843693293294 0.0036980998065142424
0.27240074816153775 0.14835446682397715 0.003854502002869209
0.2723889874169076 0.14893903094681257 0.003712097569396045
0.2724972665922892 0.149482916872068 0.003813564710537582
0.272847747274831 0.14988356092433638 0.0039745062342292714
0.2731537128654857 0.14897675921151654 0.004061261076233665
0.2733809002788578 0.14819645199481113 0.003990266591049551
0.2736697913518422 0.14897560010585245 0.0041133147979961334
0.27432123901886957 0.14857309631747032 0.004059502602972325
0.2751771919001799 0.14902629389735694 0.00423328449174704
0.2757415571800213 0.1494837199529605 0.004324050516772668
0.27593674933441037 0.14871840615618448 0.0043591506675379746
0.2766194773785162 0.14810862786260068 0.004378242226966806
0.2768398097489694 0.14747677530809927 0.004328873999815519
0.27750200438837686 0.1481474062604522 0.0041836770364302
0.2778377235453414 0.14750554857007134 0.004165351888780846
0.2780693260766588 0.14683846562663241 0.004188394388015804
0.27833178025710903 0.147647959090361 0.004060108389392125
0.2782119499980955 0.1484161005761122 0.0041252172915375454
0.2782729373439581 0.14889235074198845 0.004062641862731839
0.2787247536221748 0.14864612981855954 0.004076015532416241
0.2785990429499498 0.1496193088843249 0.004118654039463456
0.27879962696015675 0.14937583687534456 0.004089304877520362
0.27912620707837915 0.14959304296060927 0.004262002132731664
0.2792230692897562 0.15042220163718817 0.00422480548274965
0.2797693774779252 0.14962085514748377 0.004251389077403804
0.27999017733870796 0.14921251928522053 0.004196666875918445
0.28010395025994034 0.14881275086119064 0.004300349271179163
0.280348453464405 0.1486127462915403 0.004165891711925053
0.2804376963476216 0.1491359157449088 0.0041459803140162415
0.2808445266955744 0.1497174355171318 0.004158084358280251
0.2813328354382028 0.14925690947296744 0.004220701464688884
0.2818465945296672 0.1494267707005782 0.004066756847317356
0.2820828150851436 0.14856619036562083 0.004168734025568752
0.282042460280104 0.14932647669560078 0.004140236716564744
0.2821889961333526 0.14978317638963093 0.004027149839856685
0.2828392657321887 0.14937270600811042 0.004050787322256691
0.28299528850421424 0.15010030841026448 0.0040159081009129675
0.2829640491360514 0.15066727919047262 0.004187631332585915
0.283132214890822 0.15023288567547285 0.004312389494192836
0.2830786198097045 0.15049472022557975 0.0042884777881931355
0.2840359113493038 0.15026083032117016 0.004427069128984407
0.284365187629237 0.15119886525474777 0.0043362510389683495
0.2848271416997626 0.15103591988085546 0.004475982421329074
0.28475919302547287 0.15164214365265308 0.004325049449126493
0.28485786262146795 0.15246349964051673 0.004276593075827908
0.2854591042751981 0.1530193445059252 0.004213809571513056
0.2856656168065813 0.15390098179732287 0.004331239702312101
0.2858342330453056 0.154742820720454 0.004421006354417194
0.2860549483642858 0.15378945610068526 0.004549618207679341
0.2867123268683147 0.15335673504013303 0.0046455131222356396
0.28708546289472225 0.15264917222825625 0.004737260863133222
0.2871520496108266 0.15235488037396808 0.004641351527781332
0.2874980254118866 0.15310355074144116 0.00456520391634159
0.2877160304740375 0.15383137402014127 0.004540372277037199
0.2883732454705259 0.15327408858251457 0.00437968129566621
0.28829092277416307 0.15426252433604326 0.004255153610846677
0.28847254389978744 0.15395269885103166 0.004161830383286746
0.2892824559619492 0.1536408923373338 0.0042722266229487625
0.2894406931465009 0.15410572637360656 0.004167098295019405
0.28961217393087985 0.15339151996606049 0.004063483993370385
0.2896784069786666 0.15330732103584427 0.004091247446826027
0.2900098085023181 0.15397113130635914 0.004223524311209063
0.2902186265107274 0.15304813087638267 0.00423179767558463
0.2907587711328447 0.15255537485001663 0.004098122185706852
0.2913165441576522 0.15326282849328868 0.004086103347277514
0.2918498611219781 0.15297162320126334 0.003989777718177577
0.2917639210080324 0.1535064880775493 0.004106120534861626
0.2921023507464983 0.15268517811768534 0.004064372562069563
0.29274647251253494 0.15213377612280626 0.004199571500372021
0.2927055891076596 0.15255197738462345 0.004041517403264146
0.2932406265222302 0.15199355934449915 0.0040255578060655215
0.29389481900351094 0.15240773378258346 0.004066938078032634
0.2941061558512834 0.1519043769641212 0.0042154070059215
0.29449656584611456 0.15202197805649859 0.004262663684024076
0.29478606644636385 0.15158916814298704 0.0041260590421594535
0.2951347688406981 0.15071422902251702 0.004052357715280988
0.29524027593734586 0.1510245399237408 0.004094565877896234
0.2959424334897516 0.1516325520957162 0.004105680044095925
0.29626367259105096 0.15236580602332095 0.004074947975579591
0.2965136515901878 0.15240471913887832 0.004108603134917677
0.2964870797081705 0.15276081369958744 0.003964771515296703
0.2969321658691038 0.1534578616153261 0.003977489616389563
0.29764311795537063 0.15293580031168372 0.004084194995148966
0.2982161822729199 0.1524493187557274 0.004045917607924474
0.29894159502232764 0.15202092760362865 0.004167440352667839
0.29903146113740486 0.15292030378343813 0.004171129073769592
0.2996697938576421 0.1526201128471003 0.004210300118739169
0.2999904764402982 0.15235821619526174 0.004264126982230422
0.3003002634974881 0.15309471214804457 0.004168629189594937
0.3007220286744909 0.15384186053018603 0.0042519260606071665
0.30128372647827123 0.1541525647294471 0.004306737187679281
0.3019966317362571 0.15457248684444125 0.004347620017383114
0.3024023767248562 0.1540012987237443 0.004519069168112107
0.30276524016168593 0.1534069713851566 0.004389477915762675
0.30322806375383315 0.1542155668165993 0.004562714912998028
0.30308028912679863 0.15507400730081353 0.004567341257931743
0.30295018308815325 0.1558853962005334 0.004654699736798472
0.3031943435932408 0.15639100696943967 0.004583921673853753
0.30384063888155294 0.1559153647813659 0.004608511231247074
0.30421133605932654 0.1560443287524877 0.0047112362256726045
0.30474275884117913 0.15533327495103447 0.0046582651656427295
0.3055581930860967 0.1557444244000363 0.004557288973615676
0.3057254625858219 0.1558192869522131 0.004576807376180959
0.3058943755759379 0.15513311004532732 0.004427462665547287
0.3063891734639617 0.15498905243382496 0.004489008699065927
0.3064622739627067 0.1546961161101414 0.0045066328255083275
0.30663484002590896 0.1544301730076572 0.004658287059305241
0.30742710329347117 0.1548676826526982 0.004489621305645347
0.3075516621223943 0.15456782390594614 0.00457706399717961
0.3079305186520565 0.15409370525966623 0.004411837733259068
0.3080544102444514 0.1536862234835975 0.00439428671807646
0.3087442197713241 0.15315834959803074 0.004327679651503106
0.30939482643085003 0.15242625816780597 0.004335676809228412
0.3101065628961955 0.15172850469927446 0.004272893524139558
0.31025960199039726 0.15128804994777384 0.004240526637450285
0.3103891946631624 0.15183633899339782 0.004126844319124306
0.31034172242939356 0.15271598309554144 0.004202468775339464
0.3105947228310606 0.15179686216716518 0.0043122860235402655
0.3109467931819127 0.15119248676194616 0.004339872827097818
0.31135663476174874 0.15184416082002808 0.004323701734272914
0.3116701294225816 0.15147088326388403 0.0044876026764671
0.3122692071899813 0.15134532674267984 0.00462795284915809
0.31266233875863475 0.1517833650537709 0.004774190879747652
0.31333889316571856 0.1514099304747589 0.004792492308991432
0.313911979682434 0.15081542441757684 0.004661439714101407
0.31464213828538273 0.15143794398558996 0.004797211732376781
0.3146789352218693 0.1523116189059771 0.004684870550325938
0.3147565827101592 0.1525427655688176 0.004768179266421948
0.31491526643133044 0.15281552800821077 0.004596294461064163
0.3149572125036757 0.153446618151872 0.004441638238441893
0.31492033528492647 0.15362766052815097 0.004596964976244607
0.3156988827607175 0.15417038324702867 0.004758466508520602
0.3160706071474107 0.15393429784856455 0.004725194649197103
0.31621240379588283 0.15406332421323918 0.004777940990726501
0.31683624280743133 0.1543207449830418 0.00470292100170575
0.31730116192059754 0.15495874350019348 0.004863480430460654
0.31800979464156154 0.15444125361161304 0.00491179126507174
0.3183517441906952 0.15532375645707086 0.00508297963503487
0.31874095237665406 0.15512096919537174 0.004936709414924994
0.3189903422448582 0.1549416496034991 0.0047938504567489925
0.3191265776922143 0.15555876082497794 0.004774035472194819
0.3191400118881498 0.15627430113006804 0.00477636814103379
0.31962364905660323 0.15553263090919303 0.004715902668988747
0.31987594022481786 0.1561307043461938 0.004577250980260053
0.3202208447290369 0.15646588035029052 0.004491417761051215
0.32044772689519874 0.15697000628228105 0.004474654471301689
0.3207500965355912 0.15602672027717 0.004462383417299843
0.32110011010882383 0.15678600970587986 0.004464832543390995
0.32097141741973034 0.15744845578727595 0.004441649579579087
0.321452353428202 0.1569437281171602 0.004404940373983312
0.32202666750367925 0.15658753672235096 0.004230812537624388
0.3220839850794404 0.15638941633481457 0.004200943397765528
0.3221806401953495 0.1573750979445488 0.004174919431355997
0.32261837127020426 0.15790875383795028 0.0042468658067772586
0.32278000906816157 0.15811181910873073 0.004154431680512165
0.32336621244645514 0.15825091361412164 0.00430981702582496
0.32355743422962996 0.15783766265028645 0.0043010011473910694
0.32378223723906335 0.1573087513094012 0.0043608027480569606
0.3243806604156265 0.15698728713601545 0.00443284547782487
0.3246452516486155 0.15611180946800027 0.004298084816775857
0.3247010524032836 0.15677526347965126 0.004350887017125663
0.32516687437290126 0.1574030576390642 0.00447880037243843
0.3259550567984205 0.15765448266737053 0.004533786766165221
0.3262322321541048 0.15725303251923523 0.004607266177516326
0.3264037277556992 0.15676928453345526 0.004554568795578172
0.32665298113762536 0.15695650660208985 0.004708756650564779
0.32753821016672896 0.1573959776800866 0.0046352882801690126
0.32772611275394237 0.15768834022043057 0.004591049750495022
0.327665757404873 0.15803181471881672 0.004453617153949968
0.3277623882130349 0.15891403560095282 0.004322374190470007
0.32795987645722807 0.15847342931702146 0.004396407565373136
0.328626425270369 0.15895423847153742 0.004361844416406595
0.3284933459560694 0.15981107091897032 0.004278117651675069
0.32858122262903194 0.1598023998558112 0.004385341684635741
0.3285435828539913 0.16068319328712768 0.004536015114358313
0.3286445570590432 0.1603704627383998 0.004579609172925304
0.3293524107987569 0.16069877415346875 0.004725220048193667
0.329401121602414 0.1609954350294207 0.004804692446279329
0.33012657191128897 0.1608106867719433 0.004922496319732079
0.3302868631585598 0.16048079295571574 0.005089763974531686
0.33077158007139695 0.1607586578169641 0.00497579738068434
0.33071129050856646 0.16123387295559283 0.0051220028820411975
0.3311378218432268 0.16049838696295426 0.005052404730610936
0.3316790337449683 0.15972079302162676 0.005168513444584456
0.3321417756016991 0.15948584321515463 0.005284750030920649
0.3321698401171396 0.15953374734418657 0.005351710798352545
0.3328715321926052 0.16019153442665648 0.005267723701341995
0.3335585641614514 0.1598645982716501 0.005252647994119035
0.33361505699011273 0.16004446016972482 0.005240214950178278
0.33386880530407936 0.16033695699986233 0.0053006258142546695
0.33425789650870424 0.16086040881368222 0.005257824634813921
0.33413606473759155 0.1615268572244104 0.00511230262905618
0.3343182158886782 0.16104694600000505 0.005031254737086254
0.3344064866326301 0.16149411430302296 0.005182660820754386
0.3343865229075317 0.16243844415275654 0.005213886847683112
0.33443999243259914 0.16222572621783765 0.005119702409935653
0.334494696433122 0.16281288640243277 0.004963318003291926
0.33522688353690666 0.16337757459667768 0.004945311274998125
0.3353145002253317 0.16331382094500696 0.005016270724536953
0.33562715428195417 0.16383725718004638 0.005068275371070997
0.3360031096080359 0.16306843389897369 0.005204244471489931
0.3363860940756003 0.16342372402758903 0.00531430084838985
0.33627955360297795 0.16401487490247268 0.005382645805276475
0.3371191413104228 0.16350227155551034 0.005369382656701572
0.3375544345794487 0.16290824301617704 0.005241795416181509
0.33762220550524885 0.16273511842493554 0.005334955929693862
0.3383318693146674 0.1620813854842277 0.0052490791737733866
0.3383042545350963 0.16288292331652487 0.005378440059728318
0.33853044733755355 0.16223227222058229 0.005412886936325311
0.33832277992621207 0.1631518961005754 0.005256081221167586
0.3386507483906158 0.1623481845873557 0.005083194751188261
0.33927508460658823 0.16157561047817362 0.005038210463620508
0.3396862717411288 0.16247407331703265 0.005197600833578018
0.33951082833754104 0.1632415048416743 0.005132365486741161
0.3397824561146268 0.1625135558180114 0.005076856158865159
0.3403008286867268 0.16334359133369655 0.005161375495044376
0.3408565319665924 0.16301805895511695 0.0050927063217443445
0.34098696833946407 0.16336645568685804 0.00501132773757117
0.3411068499864481 0.16399731738069187 0.005057840199366017
0.34170823168170217 0.16362544359393752 0.0050049758521634735
0.341913061808598 0.16337893455788585 0.00501591418752821
0.3421135395725927 0.16305320120302924 0.005147691284388887
0.3426211901745202 0.1623797790724026 0.005191528630234886
0.3430718063063637 0.1629824327597222 0.005177290899068559
0.34361031900197747 0.16369684383742591 0.005281234960174443
0.343824076737724 0.16444639342191902 0.0053634486154941945
0.3441108947269141 0.1638233672807106 0.005305663284090807
0.34438792540808044 0.16352907675601097 0.005167510106755537
0.3448863707775048 0.16396421271133668 0.005198548702605361
0.3456786368017956 0.16448736710054482 0.005072817151613957
0.3458075617285902 0.16524678429449052 0.005138137102097975
0.3466919558377801 0.16522464864608558 0.005145361026465236
0.34712994095854377 0.16539390741484342 0.005115844202932615
0.34780122525239715 0.16465362966558417 0.0049825429566490295
0.3480588424928852 0.16521687394829287 0.005029488410217613
0.3486169486789304 0.1658887826793789 0.004946500100700774
0.3490468289229748 0.16624852848160684 0.005099989218489349
0.3493647321751778 0.16552141327981007 0.005161926001882853
0.35020272363377375 0.16505844462535815 0.0052736204902835504
0.3505691247295669 0.16519558061851633 0.005343878463083336
0.35091930330679366 0.16601544218014347 0.00523585073813546
0.35144825846039784 0.16518262353076743 0.00510650735747847
0.35130277309919017 0.1661505645754912 0.005036000019653574
0.3516394903163577 0.16685825745179197 0.00514590909118384
0.3522790890138915 0.1666049780379509 0.0050044616560788015
0.35291943980502627 0.16627787494692037 0.004884497300645779
0.35320242166910126 0.16573696447705819 0.004862642782601953
0.3536347439629737 0.1651354601535089 0.004948889859514533
0.35390414331829223 0.1657341503264068 0.004777721676875589
0.3541923303890995 0.1653051262314284 0.004637562689382356
0.35454557609774756 0.16468261628256 0.004703343192270551
0.35460844440526856 0.16476454531289236 0.004831006689822081
0.3549111870813757 0.16392446387614137 0.0048010086336819705
0.3552177040102726 0.16379353546557854 0.004760495310972625
0.35509205858755843 0.16441297226772458 0.004915925277894557
0.3556693387903434 0.16388377975020363 0.004934807028636796
0.3560826316614771 0.16297762987700082 0.005024900076935114
0.35622673740184674 0.1628546922529609 0.004940915429763022
0.3562380409534769 0.16363967801502888 0.004846281204635764
0.35626059950495836 0.16443853145888962 0.004977618558822975
0.35652926451380795 0.16516609283038486 0.004810315203529586
0.35665781581885425 0.16547317380398655 0.00477671847241604
0.35686578668932784 0.1657207504922716 0.004650265720041163
0.3569153154316589 0.16651155589865563 0.004646144735461895
0.3573391012175173 0.16687373169152486 0.004695173918269792
0.3572216239041005 0.16785175796977062 0.004858008518444812
0.3572928731459196 0.1684109943933257 0.004697722691294504
0.3574543096377983 0.16892914243711962 0.004732665410596865
0.3573148470649193 0.16984066494631747 0.004797861178651599
0.3574077263028376 0.16968580499774216 0.004946811155666727
0.3577538369925981 0.17034849657723453 0.004923844911431666
0.35787493709257506 0.1711175168276112 0.005023866337088041
0.35793850385440906 0.17152280089709848 0.005081231499913555
0.35794521743746965 0.1721422015868117 0.005066545054965884
0.35835516289295405 0.17296864817112853 0.005188444926478885
0.35846106823857704 0.17323299636954925 0.00522744842315535
0.3586447531355327 0.17248391191122192 0.005123381283546908
0.35884380774677943 0.17302942399981824 0.005037860948801732
0.3588293436703354 0.1734128144889034 0.005088839051637985
0.35914298313239595 0.17372340466188912 0.005221239133533123
0.3592642081252912 0.17384946013839375 0.005156531153172764
0.35945954934405305 0.1746597827346313 0.005208865156784973
0.35959829180831654 0.17388512860744623 0.0050435649031710635
0.35982825412568076 0.1731642508913604 0.005107620575572203
0.3598983165586468 0.17339470392464368 0.005159466461869095
0.3601099289656104 0.17398292590740846 0.005134526846649669
0.36036458247246733 0.17310868200878834 0.005165234562705747
0.36082307461069885 0.17253799043539345 0.00531345328195553
0.36103511770976515 0.17187726020163288 0.005338716067202884
0.36162451166429027 0.1726590264367323 0.005476957114671038
0.3621164355744226 0.1718807342697922 0.005549581416940218
0.36291273524469797 0.17221094025897815 0.0055555555109798
0.3635608439744698 0.17279470685992956 0.005603079472480031
0.3643679714121647 0.17258666509548606 0.005564832493468745
0.3643329616930505 0.17348243296889912 0.005554461695382313
0.3644029802337968 0.17383525438634415 0.00569708421746371
0.364424650048978 0.174471431575832 0.005708037994446018
0.36479712129892117 0.17498146940221632 0.005655083664043069
0.36516399840018066 0.174433204281728 0.005641680410542693
0.365614332592315 0.17375186801325376 0.005607041704601033
0.36590252094919423 0.1729764451632737 0.005505359236234165
0.36618218557536186 0.17245404928086666 0.00556065617410919
0.3666096669099889 0.17281751799614745 0.005643560417045937
0.36693009657675596 0.17370407409681182 0.005542451532294891
0.36724116149183766 0.17460842169290325 0.0053813779790827425
0.36720830418515366 0.17518965246257218 0.005273092138715757
0.36792699680978397 0.17493467423198947 0.0052278404552239055
0.3683372492795822 0.17433569519628384 0.005276961233054139
0.36830310098283336 0.17469524272047812 0.005400353222269805
0.3687003548941008 0.17558062013672204 0.005416005453379884
0.36889122507163236 0.17514868659079588 0.005450237443686862
0.3697447161004686 0.17465486731744714 0.005301632121812464
0.3699314878097106 0.17427384482741662 0.005432594491175009
0.37027013853717394 0.17506935014489602 0.005345569902619078
0.370617969839735 0.17562260897492882 0.005251905350108852
0.371494235037144 0.17599348829570205 0.005310636122366219
0.37186230920708235 0.17524265937106182 0.005266722273173618
0.3722521549202036 0.1759675180688168 0.005276459189962859
0.3730062050336652 0.17628722397545882 0.005223938083317715
0.37376461145878026 0.17654272289647127 0.005357867631681755
0.37441039315195124 0.17620760078769315 0.005230297498454908
0.3747845071081736 0.17582156754834039 0.005082586158269001
0.3750509959621053 0.17653184552555354 0.004929968893577796
0.3755472229667282 0.1770124870246858 0.00488171250273652
0.37543755291442993 0.17769458678638983 0.005011540673198066
0.37616376772850363 0.17707603463717866 0.004895231236024532
0.37615203156284915 0.17756134361994397 0.004759825975274081
0.37603586298549674 0.17838270850208704 0.004703582578197146
0.3761801731842886 0.1791812093260682 0.004572949772558671
0.37629543415697986 0.1796874705118325 0.0044695092616923665
0.37638430699420494 0.18011537344929904 0.004596795384684617
0.37645124677726305 0.18053855683874398 0.0045783168828557
0.3767163276945877 0.1812768263518378 0.004741223819156457
0.37705194188369273 0.18077550178342022 0.004615432199224902
0.37743654273490784 0.18115333692101146 0.004716111233812785
0.378070014913663 0.18059618477567035 0.0046232715574211995
0.3788681528535451 0.18030177342033973 0.004652358352324026
0.3792424792932262 0.17986890219864887 0.004721325473501421
0.3793867680358645 0.17905462087722884 0.004709294815375907
0.3800729853582303 0.1797770507507527 0.0047074114849625995
0.3804023727775691 0.17972322416426267 0.0046448216795802084
0.3806072664960673 0.1801064437120747 0.00469704289910801
0.38116477543684263 0.17935349420617433 0.004544526169969939
0.38121177243223564 0.17907523419291144 0.004401101670982511
0.3815689051731305 0.17843542203970356 0.004456830566003575
0.3821225665199985 0.17873962900636423 0.004292157936911601
0.38256328077054 0.1779924589811181 0.004448383462277155
0.3828329733697017 0.17720763994915398 0.004514912587670683
0.3826801882419933 0.17800811006407957 0.0045011038836718165
0.3828212133393558 0.17730761726139346 0.004436507925255435
0.3833565027985231 0.1778678412352349 0.004548572751300943
0.3834717939561327 0.17815517727363667 0.0046468640796261335
0.3836068516099069 0.1775637037297764 0.004523129392260852
0.3836597053805593 0.17795982376027727 0.004677728162112851
0.38425668677106833 0.1783898020665888 0.004581463930806665
0.3847821769311118 0.17765279589461785 0.0046794990049315865
0.3853637444703391 0.17748796422068058 0.004597580188119913
0.38565160583285113 0.17835768570633345 0.004560201941137218
0.386284641763505 0.17865945621146714 0.004502260239808521
0.3865716367158039 0.1792767796736381 0.004573352471625413
0.3870477269881869 0.1796694116862959 0.004401399578076097
0.3873532279752546 0.17906086646086336 0.004332819145534277
0.3878685792941433 0.17985084270667337 0.004460576713054294
0.38793258296634636 0.1801647574237138 0.004590146830807896
0.3881613843996503 0.18099488910883613 0.00470344659719295
0.3887450043563761 0.18020089237571124 0.004531127758992171
0.3889851555625298 0.180495091169854 0.004613908760931021
0.38911606987224095 0.18079525858133338 0.004745794886481744
0.3891442990471213 0.18157736282670656 0.004601738859133719
0.38944827802797183 0.18065546292218573 0.004672026776214967
0.3895632304132686 0.18162418028074728 0.004804777977793512
0.3898867661773223 0.18108766489346084 0.004888509726501307
0.3901647517199324 0.1813802748266658 0.00482663363583253
0.3902267512071246 0.18191820904482087 0.004879316662317067
0.390409820792056 0.18171014857917764 0.004849168933273872
0.3911447516063471 0.18105251039138967 0.0046839788891171845
0.39179185233401936 0.1814513504130821 0.004657063099542665
0.39245468993038346 0.18083744543088798 0.0046030931263632575
0.3929390564335318 0.18134290436901584 0.004565912986876841
0.39314706355651796 0.18213459953612318 0.004488885371431399
0.39347230006029854 0.18290249658013488 0.004509019401390726
0.39427348877396 0.18328134984318073 0.004481157629496366
0.3948028393399596 0.1840690041898107 0.0043748324458801734
0.39534397192710063 0.18456443858713356 0.004273997551895452
0.39568046237546656 0.18438749342728317 0.004334274329699295
0.39564468686237103 0.18495251061290413 0.0042996143562928
0.3958927849563104 0.18463827237031477 0.004405835355915132
0.39602202283139687 0.18481086235786093 0.004393487303895352
0.39670911678170856 0.18548913970644976 0.004462690974627769
0.39719676430226236 0.18613268162105315 0.004491364750323039
0.3972283869329088 0.18648699486750558 0.0044477716066477985
0.3977293838332321 0.18714121682989895 0.004517855860629714
0.3979843298086551 0.18627005207013833 0.0046919136556180996
0.3979801059969914 0.1871104961244102 0.004590476412429505
0.39809772027608226 0.18669183685137336 0.004567450852796929
0.3982425774856437 0.18607983653401522 0.004723239268695311
0.39847748268101635 0.18659723985256707 0.004710384324577639
0.39859753073745036 0.18749802978845098 0.0046193532279329265
0.3987816500410847 0.18825581166857133 0.004576973493002698
0.3995560513791719 0.18848512117722865 0.004652640860502199
0.39994634560957243 0.18757894977186945 0.004499340738529699
0.4003728306377035 0.18831683599587168 0.004568379482927449
0.40114696645699893 0.18814787918596895 0.004638287760509138
0.4013725935845317 0.18903627285629568 0.004635915250586304
0.4015252238065442 0.1882957699301345 0.004680715691215542
0.4014317841965482 0.18927184234148844 0.004721223216481471
0.4017303190425833 0.18872886843099074 0.004851313368801263
0.40178397913158836 0.18859627048740912 0.004912095231816469
0.4019135379402433 0.18951157364275634 0.0049457190682131325
0.4023478076010351 0.18872125208559684 0.005048794042174125
0.40314433910806463 0.18828303526739434 0.005011530856595469
0.40383027869973875 0.18786457568607495 0.004933702151089339
0.4039520019928584 0.18766820890205468 0.005030369229357535
0.40424561913647916 0.1878655039483216 0.004902068714846548
0.40478944590885824 0.18862458826088796 0.004819340673275022
0.4048660591588441 0.18882079157804726 0.004913817514584168
0.40496668647701867 0.18851733231821768 0.004927658664390774
0.4053294880691768 0.1891976479419381 0.005085440518375313
0.4055337244325588 0.1893712559425788 0.005026964949639644
0.4056316764515328 0.18880235940723283 0.004900051037987638
0.40557814772224243 0.1896574539290924 0.004933404175407063
0.4061010672247407 0.18912626350262157 0.0047840931901613195
0.40645397807449946 0.18875024992802872 0.004939229487003454
0.4065089268000545 0.1894851956042887 0.004853467938432634
0.40654365371639667 0.19003764479509977 0.004893600879474184
0.4068779913437256 0.18923130569182625 0.004848451215336269
0.4070429994581086 0.1888096044573488 0.004889670997020078
0.4078032081328062 0.18932789957257684 0.004846146336499529
0.4084565807157081 0.18879219901953112 0.004802142778489511
0.4091652212928107 0.18863888717022323 0.004650691281799424
0.4092539674188181 0.18859062635523405 0.004713592183893641
0.4093059461715528 0.18880455373490598 0.004547560585328711
0.40970116399937756 0.18813669444425007 0.004621453664078398
0.41053462783794187 0.1878645638392495 0.004529259893283388
0.41123472452924725 0.18722253487156837 0.004552166057688315
0.4117179414317573 0.18740192168753186 0.00456876373299303
0.41199158780636164 0.18701165671769038 0.004542919778531671
0.41211188854716574 0.18737743735687928 0.004479579958531322
0.41217664658936287 0.1875871098759764 0.004628162667888524
0.4126747739509565 0.18703700386610683 0.004601214169979193
0.41273720858928714 0.1875774036927306 0.0045920268217040944
0.4127280075190063 0.18800057453275934 0.00446203749160135
0.4132689027026811 0.18772463555401622 0.004329941573930631
0.4135197917241893 0.1882160573129296 0.004178629849609945
0.4137037463567462 0.18904857758455082 0.004195614436842431
0.4144121610516635 0.1897377593698882 0.004175810642633228
0.41483701138418 0.18941158140594794 0.004305135626647512
0.41524348142833656 0.19017870105945697 0.004279688231673899
0.4153950614860944 0.1892170128754752 0.004252238108367785
0.4161779177357603 0.18867319422928192 0.004410286507493449
0.4165102335666896 0.1895357210835973 0.004405652954988966
0.41660367920039326 0.18890642125315238 0.004375480618061004
0.41744567612806566 0.18850912636326642 0.004390280673367508
0.4175354551821722 0.1881250840434476 0.004245517699412877
0.4179368480281321 0.1883207230416806 0.004097159917207484
0.4179635237248594 0.18881046548102232 0.0042124910996040495
0.41830609872875985 0.1885682837757424 0.004240614555947821
0.4182453645531998 0.18908148691420565 0.004185731575657502
0.4184809612319878 0.18814486608922376 0.004084158306786004
0.41856353809473207 0.18854503705051953 0.004064536610497029
0.4186729197519715 0.18890066631926927 0.00409636004827659
0.4193702969262106 0.18829216958763947 0.0041923448206213675
0.42011606136037943 0.18887253962390493 0.004165136487472403
0.4204622058591105 0.18959639789630395 0.0040294279675555395
0.42124003014736267 0.19002479460450042 0.0041096872532262185
0.4216538530357074 0.18927847931389333 0.003948633832563777
0.4218577347154779 0.19005098677195037 0.003940051034132114
0.4222937421232215 0.190810525440942 0.0038809040371342828
0.4230405945101035 0.1911176591912795 0.0039824570119464855
0.42330748579571914 0.19181585723992076 0.0041203611309440745
0.4235784590625957 0.19115459198127963 0.004242810753038602
0.42404090673072997 0.19036208920494213 0.004350470446995733
0.424690238309542 0.18966926739633785 0.004200577978816583
0.4253518538324387 0.19026483804519795 0.0042301123282167665
0.42587611639524925 0.1898269395816046 0.004258337167539556
0.4261581378027599 0.18989899212655675 0.004231247235322665
0.4263564094627908 0.18916556102933169 0.004266648109166335
0.42637477222074716 0.18990181887753593 0.004325879668173251
0.4270296846508347 0.18926099185788514 0.004285563038958653
0.42756067430255584 0.18998547237436053 0.004384366248674768
0.42777809175000464 0.1908669269457045 0.004546296755886142
0.42796425197049076 0.19170554948805618 0.004430691289581006
0.4283136427244502 0.1913601924149444 0.00435893860748193
0.4285726613377874 0.19059791579732627 0.004322651035723308
0.4288953274608725 0.19101020477156233 0.004295194631731273
0.42908284720301176 0.19173307743276147 0.004260936979512545
0.42920247688589486 0.1924130247557197 0.004421005231824572
0.42956115235023923 0.19197236148461422 0.0044753714817990665
0.42998567061240045 0.19247107055771417 0.0046464753300272605
0.430081032090913 0.19208003402252 0.004768520249452665
0.4305183641414165 0.19297439919939657 0.004940773443839604
0.4310404566599255 0.19224592498116647 0.004888673049083494
0.43192518028326327 0.19196204223383248 0.004762632548480711
0.43203380524776286 0.19228876642962248 0.004636966197672241
0.4321471804360599 0.19155631151191482 0.004724783053203885
0.43231948440778706 0.1923485701321479 0.004809683353277943
0.4324787987001653 0.1930973866250585 0.004792742032442759
0.433077303758005 0.19275962523385903 0.004697037208230512
0.43329801057748835 0.19191562117818445 0.004585438160677593
0.4335829704507395 0.1922067245614236 0.004644378627199447
0.43363914627902655 0.19192612755691008 0.00457232853032839
0.4339382277808713 0.19244085606142963 0.004511418186924652
0.43397302696194884 0.19234978310718542 0.004480306945196197
0.4347328672254967 0.1925828117625615 0.004563260986156194
0.43564600475845583 0.19281826309630098 0.004490036719798026
0.43577938259162063 0.1928613034811679 0.004640677953206686
0.436132960758034 0.19262334567604386 0.004684591436533259
0.4362679918883847 0.19221559333324872 0.004695422781748914
0.4371938269689839 0.19189551943349686 0.004869793478337116
0.43761924718332595 0.1923691960672751 0.004836688300403754
0.437925324211412 0.1919903405278438 0.004938673315530817
0.4382360259701218 0.19133811127763248 0.004804437325648154
0.43844645578632907 0.1915202933711025 0.0048610799553433755
0.4390284312452899 0.19118953242590223 0.004768857951819206
0.43921786597624546 0.1902937707057396 0.004650553765592795
0.43945638405466914 0.19091890136401746 0.004552412095659141
0.43982016235291255 0.19167826202280086 0.004622261781646696
0.43985522244796194 0.19208712113535978 0.004663753421583709
0.4403290725055536 0.19167484276021934 0.004626411102857908
0.4408152642745797 0.19132287928214733 0.004586645492386887
0.4416358126165542 0.19095903886741825 0.004582801091738993
0.4416010646007079 0.1914383619654321 0.004629932654507506
0.44157761757905367 0.19212590521265907 0.004699320861359564
0.4416983151320184 0.1913546745792139 0.004588532325974881
0.44189337106924154 0.1908943485183131 0.004608946105434473
0.44200995092235296 0.1903509637763677 0.004513253497269867
0.4423018973975094 0.18964458383387836 0.004647584964219553
0.4427165060548438 0.19033394828320666 0.004505593171641576
0.4433161867325341 0.1909885525403211 0.004503388567573661
0.44356183932129045 0.19172852952967934 0.004506452502661469
0.4436201268655484 0.1926555016933971 0.004450005829644974
0.44394510541943816 0.19320386687122526 0.00453350286541127
0.44444781550581935 0.19367103549466894 0.0045489508748825696
0.44468394575759584 0.19296097649260446 0.004631408193573955
0.44488001862909266 0.19368540476620566 0.004575050756521747
0.4448651591329178 0.19416603417107856 0.0044904532209481965
0.44504864489117724 0.19437156842958112 0.0045580399495353825
0.4451328495712835 0.19472369942119166 0.004635822627015432
0.4455214058273565 0.19418497529652315 0.004705032282574327
0.4462594826954467 0.19432744412818936 0.004639149444172355
0.4463103085516169 0.19457848890950508 0.004569510440989302
0.4463991686199756 0.19530786299131048 0.004581859891946173
0.4467150732875661 0.1958672137707522 0.004529661861677039
0.44741904878613753 0.19633540604528632 0.004667475523045806
0.44751376869933845 0.19569657439582855 0.0045965523092978446
0.4480092220545405 0.19550604793391024 0.004462010597657197
0.4483379342462274 0.19627098931471493 0.004502919550960729
0.4483287546709102 0.19722405675132465 0.004489816937207226
0.4484011376842825 0.1966672671705847 0.0044198027816948265
0.44865308241383084 0.19637947700095376 0.004269395807000817
0.44908158240390417 0.19648920818033072 0.004232974141011639
0.449256122831803 0.19672638164492529 0.0040800833374676345
0.449482113801301 0.19578892139737133 0.0039878719901871315
0.4497764537969111 0.19497671880859496 0.0040648825750902754
0.45000175446656643 0.1942918300584439 0.004016899951331929
0.45054885172261117 0.19359232414074093 0.003932226863825204
0.450808571258867 0.19310031918611037 0.003898789501624718
0.45170498658964625 0.19335597958501866 0.003814752916917637
0.45190261017118905 0.19345276901310118 0.0038679739940041848
0.452611322891442 0.19413578055475178 0.0038814067109568576
0.452852451411036 0.19358023845830394 0.003751155203027621
0.45315753354771854 0.1942280614551322 0.0038334885288240587
0.4531542595857509 0.1946964956101621 0.0037119287433943116
0.45336918940488163 0.19379485679182734 0.0038165215724783944
0.45341999022658147 0.19445023452030072 0.0036826147389927666
0.45392414671560855 0.19398054816702273 0.0035166929114938666
0.45447542170519956 0.19409344012945523 0.003470542038489353
0.4545466857295676 0.19452676598463423 0.003452384065018946
0.45478201883950947 0.19408328095804256 0.003503294136815323
0.45491248126935235 0.19432303029799933 0.0035103235630759553
0.45506154616850336 0.19342112567754954 0.0034246419414536585
0.45563186372443953 0.19295159380672142 0.0033737741153747666
0.4559446769529497 0.19235930127767922 0.003209724368359756
0.4560954753042821 0.19166679532554592 0.0031140011584249124
0.4569438043943925 0.1911406208421793 0.0029736410090220396
0.45735252033927015 0.19042793426595256 0.002997387985791419
0.45749996175711116 0.19124615004237017 0.003126756034178195
0.4582159754550548 0.19171572982407417 0.003076817223914915
0.4583253197491406 0.1925420249215074 0.0029914075535981484
0.45895363099130304 0.19191411589142643 0.003109272713670528
0.45968703361892954 0.1921705512022058 0.003272018520813095
0.45994032758818976 0.1927057258856774 0.0031691254983950957
0.46041397826635255 0.19199211981558212 0.0033201509880090917
0.4610368358880762 0.19148829954780447 0.0033617525456235042
0.461552152876581 0.19231648456187628 0.003218200955447927
0.4616437102882395 0.19271681766543694 0.003158926160340329
0.4619714997327203 0.19274284367357758 0.003075290639577192
0.462150352202935 0.19234408965804894 0.0031580380000235915
0.4629932817187671 0.19281167717944134 0.0031640551710576566
0.4629070976232173 0.19350214150972486 0.0033098741927510013
0.4636969765553367 0.19384674953069092 0.003224449119164491
0.46451798950217593 0.19437761967245268 0.0032374057775378198
0.46467429685448325 0.19517419156344115 0.003085785697726556
0.4649659015218063 0.19501771046266092 0.003191001928435984
0.4649394515717715 0.19597824257840088 0.0030971422830290527
0.46580734111285266 0.19611639596643915 0.0032358964574712317
0.465921933746425 0.19588279943943535 0.003106755695687532
0.46589404729532224 0.1967806392141201 0.003026108590867418
0.4658151144020111 0.19762028710623356 0.0028593682411978145
0.46644323219008715 0.1978992090405616 0.0029711862290958393
0.4669393022915946 0.19841988751533082 0.002847470091188674
0.4673277599472578 0.19900864370408974 0.0027062428605891756
0.46748175805337927 0.19876749590964965 0.0027285457315253383
0.4677749421969242 0.19859785837666438 0.002678451215841787
0.4685579969349966 0.19906866721421507 0.002549551904939424
0.46858035262499514 0.1988664505821935 0.002622006118319705
0.4690597573225201 0.19850315891335957 0.002477439627934244
0.4696485725521026 0.1991358868161651 0.002333456900400202
0.4697123087303998 0.1990327510199803 0.0021641397817957118
0.46988634720975225 0.19834076259607797 0.0020470013694566845
0.46997810115915123 0.19866305688628955 0.0022087364489850854
0.4705295642682738 0.1993874207908374 0.0022098153877804227
0.47054291179792085 0.19916584570844184 0.002275242167043486
0.47064879325635545 0.19939655755141958 0.0021693848593335122
0.4708504706480133 0.19871788116999647 0.0021714756765682935
0.4710084485293157 0.19951341264606842 0.0020690443368245933
0.47109744021778666 0.19899815345161834 0.0022415289538906236
0.47130625534525666 0.19962526004659975 0.002069189341946107
0.47220436753104156 0.19947923469360743 0.002221244296822126
0.4724604284686271 0.20025966051268462 0.002058277024214825
0.47303210613258073 0.20002925507161967 0.0021740423111840184
0.4731471051803495 0.19924256768748513 0.002117415129304141
0.47362955441346966 0.19933525694531137 0.0020533149713392053
0.47392916878287333 0.1990283404771143 0.002170545218617655
0.4740361248735698 0.19955404668808727 0.002133455417325846
0.4740879156323524 0.19929194178963316 0.0022406456510678393
0.4743732148100456 0.20022844803398768 0.0022386424563443906
0.47439188137232857 0.20031474298485902 0.0022455720920131206
0.4746572536959484 0.2010777172418626 0.0021522067777316766
0.47476891284582834 0.20128444730386622 0.002299319994134553
0.47504348275529273 0.20171966871151448 0.0022746694392469444
0.4750300178907077 0.20140239878985342 0.0022084174967116777
0.47503240736140845 0.20121872165472232 0.002105041946385914
0.4753287439542001 0.20043229576780536 0.0019318119767934823
0.4754708145378783 0.20121054749627873 0.0018100678081456217
0.4759699254776457 0.20057121210507028 0.001981001511527464
0.4761435194350974 0.2002093530232972 0.0019456322272348974
0.47667388273038036 0.20098823631415771 0.0018130221876916095
0.47673872946432744 0.20117190230412613 0.0016456410762507507
0.4770228728667293 0.20042840297302897 0.0015520038473384836
0.4771350678269077 0.20006854313736105 0.0016877402382263638
0.4774969360866811 0.19983902036450832 0.0016067687318173205
0.47784651739333417 0.19907376691970802 0.0014971336747728904
0.4779963378403534 0.19835715148195485 0.001521990480056425
0.47818452776991677 0.19877955867566946 0.0016668642282674981
0.47821863243451707 0.19840433780080885 0.0015507758195564881
0.47859816084472895 0.19778337622527153 0.0016425994686208559
0.47875645251781435 0.1984899469997164 0.0015413782697107662
0.47880450588296564 0.19834694469464417 0.0016632468372529269
0.4788757494026308 0.19863947346967392 0.0016052647974818348
0.47922191216173565 0.19808504685724526 0.001486736263038383
0.47953818519629454 0.19786314811083475 0.0013237989814018317
0.47994126176996027 0.19826345098782108 0.0014724218271245577
0.48008108152115814 0.19917926714874312 0.0015116792762790304
0.480201624674127 0.1994512146307226 0.0015971021283950335
0.4805407063529089 0.1987424077367383 0.001616517524021468
0.48126080260738263 0.19846516203124442 0.0014641683950085377
0.48135525337788615 0.1991463893334527 0.0015110231688614084
0.48170873098869976 0.1982252764596997 0.001567380163964363
0.4817616719898046 0.19904540792001427 0.0015669819069765256
0.4820196639559686 0.19877713696856372 0.0015748345044514468
0.48242825700195674 0.19850634504249953 0.0015932802606043082
0.4827514392090508 0.19903448320741904 0.0014369602534699212
0.4831274462765792 0.1998660626665769 0.0014400463447301233
0.4831807418350013 0.2001020784542035 0.0015111184232740082
0.4833682718936388 0.19925070085723506 0.001538620191865576
0.4837104968494638 0.20016719746591413 0.001367323004836065
0.483941821511385 0.20057783775045732 0.0013651766561730973
0.4843660823474494 0.19983964723449407 0.0012483310955508826
0.4849665791771359 0.19971282385395803 0.0013677179398306292
0.48499042770486456 0.19980068143215848 0.0013905788025203192
0.4851744528123194 0.1993625906951871 0.0014296950614962139
0.4853686572049254 0.19899740843715258 0.0013323322627757427
0.485967477579142 0.1982419270630876 0.0011622532684610505
0.48601053414845713 0.19835070356364545 0.0013130913103939223
0.48667060311221977 0.19774948778633955 0.0014616819898311394
0.486990900165776 0.19785116981739234 0.0015241755737803425
0.48710364708424525 0.19809662912796167 0.0016426046029641298
0.4871988827138637 0.1987380954626769 0.0016189106934344358
0.4876798694165311 0.19944809355560408 0.0016381743698165926
0.4880137034458659 0.20029030231410033 0.0016504644065165137
0.4880983303302252 0.2004290914201203 0.0016466584818881273
0.488367422165035 0.2001413175564504 0.0015412556622844001
0.4890903580612023 0.20040067690747324 0.0016837680838964909
0.48943114124715825 0.19977010357220104 0.0017983094510238132
0.4895147414083665 0.1993490930278667 0.0017196094014805682
0.49003698669038526 0.19864090930359207 0.0017745173639102736
0.4903530211432769 0.19790943519833376 0.0018211368281073402
0.49081138983199074 0.19703575797811487 0.001750205751342491
0.49154432360855627 0.19759344287637834 0.0018254418839795347
0.49169692563360246 0.19723777682152968 0.0018462711965991974
0.4917808218123065 0.19816634136002212 0.0019126400242067282
0.4921558108331615 0.19786307412944448 0.0020826084860203612
0.4923635418575789 0.19740352350445117 0.0020884713434431053
0.49299800693011236 0.19816174430876607 0.0019854472901021164
0.49304396877625445 0.19879419523514033 0.0018633962725689904
0.4933475473078255 0.19826512115082567 0.0018992898835218448
0.4937573725991654 0.1977833923865335 0.0020081741179316893
0.49374719383475074 0.19868833923172663 0.0018805405926477917
0.4941748820495518 0.1987547466475967 0.0018844176551061833
0.49437069780258935 0.19834466463813738 0.0017761609830037781
0.49444543760896215 0.19859531657566531 0.0019290014874942009
0.4951705865681654 0.1986019071032697 0.0018946271083894422
0.49526718214656223 0.1993577258721298 0.0019809747283817264
0.4956306281587604 0.20026290825237886 0.0018106800417797572
0.4959787116934178 0.20117128067742185 0.001954946273475861
0.4958607462231408 0.20076515375115492 0.0018382983356831032
0.4968018602936398 0.20104678789618963 0.0018480787221131362
0.49688373386126894 0.2007333214113425 0.0019508254489044718
0.49718721906867763 0.2015888258688861 0.0018449391834224212
0.49748425121242035 0.2014273519393693 0.0019670938039873637
0.4980713997718476 0.20171062737510873 0.0020988021935990212
0.4976522173155229 0.2010072176503987 0.002062616929372324
0.4978749092295272 0.2005073003678035 0.0020620245449041574
0.49788838340222397 0.1997130906063337 0.00206775047462809
0.4981694852239502 0.1988185461405966 0.0019226982017578917
0.49874753156415913 0.1993373176279585 0.00191219807754471
0.49902098272391404 0.19903001308860713 0.001742594127175375
0.5 0.2 0.0
